2.158405046655204984e+01
3.270291648887310032e+01
4.908721386437994738e+01
4.434177601047436923e+01
2.407100850947148274e+01
6.697694224295420895e+01
5.232432856511445607e+01
7.527749884655790424e+01
2.249987082959863471e+01
4.738180448419493018e+01
4.687117144524649603e+01
2.620230354746637857e+01
1.744290013853278509e+01
5.219494818519747525e+01
7.810391733137970505e+01
2.606335456548377039e+01
3.807427328678662803e+01
6.706295172431109108e+01
6.786612380492604757e+01
4.714238511756393990e+01
3.657216207321827284e+01
7.118766736878166057e+01
6.016506288503205724e+01
4.222905497123548457e+01
5.950412839247385222e+01
4.504373850049942973e+01
6.780902855024748987e+01
5.437616533197055446e+01
4.250862984824092194e+01
2.909455613046267786e+01
3.590269402864121417e+01
7.329482871044990588e+01
6.822623344987599125e+01
1.533577915799712343e+01
6.050944270945731773e+01
6.453541831621588187e+01
5.191691393052548875e+01
5.746827174530226046e+01
5.752197926538966044e+01
3.882869473057260734e+01
5.389805967371150786e+01
7.714873454274159315e+01
4.179426187483554145e+01
7.159900945082837609e+01
5.721172556160748002e+01
2.778834065389773400e+01
4.355416924603104434e+01
2.749347650621927386e+01
3.039358638069408158e+01
6.866649782313318440e+01
2.105125606866607768e+01
7.637316536148901491e+01
4.784417552491583336e+01
7.174522135845411697e+01
7.789254615665657866e+01
5.508902921434490452e+01
6.778912621575872777e+01
6.420513171339733560e+01
3.306950500825469419e+01
4.059362610701754193e+01
7.163947105180433539e+01
3.565319967983035809e+01
6.195704897752376894e+01
6.209375797709006406e+01
3.549929178764234905e+01
4.434347676799337989e+01
6.345642839763424092e+01
6.872708048622141064e+01
6.789670162210282456e+01
4.122579827665592944e+01
1.830061209041461723e+01
4.012771533713394945e+01
3.503417489995671730e+01
4.371858617132213709e+01
7.054196011354294171e+01
2.160735182945558819e+01
2.041963289522591651e+01
3.234983019699645013e+01
3.057300759255635114e+01
5.419868593528458689e+01
3.253376066350244855e+01
7.067867641622495967e+01
5.537071359355276456e+01
1.706267765157588912e+01
6.402481392635249335e+01
3.273768052836838649e+01
7.472318709582829399e+01
5.437642909540426928e+01
1.650257634390899142e+01
6.680329460962803978e+01
6.889735183478681790e+01
5.605357681687114280e+01
1.568444929858006276e+01
4.933736388027628550e+01
2.400714791164775619e+01
5.299768369695675574e+01
4.075299482524540906e+01
2.945131674655536358e+01
4.143263542583442671e+01
3.415943036052470916e+01
6.708451895984450175e+01
5.105507217526346153e+01
1.568246923470954357e+01
7.872539738542828047e+01
2.990110180687875641e+01
2.873356789664658351e+01
4.770817160539593971e+01
2.628619569775840148e+01
6.063055354160245258e+01
2.350695351283815882e+01
2.511211235503318306e+01
7.286500261013810587e+01
2.875213903705752472e+01
7.270604781829820240e+01
1.958816772472231804e+01
3.350637862622198782e+01
3.093070595150476976e+01
7.711274949788740685e+01
2.658451290445513138e+01
3.766282897772479998e+01
1.596851842043268732e+01
7.221093353310266139e+01
1.691378382772008138e+01
5.849316364656342415e+01
6.301271309027078615e+01
2.484408979296551934e+01
1.658466663845502609e+01
6.047630675232230857e+01
3.434993503427956085e+01
6.808743326856598799e+01
6.139795231318256441e+01
6.693551274402052798e+01
6.160068274357156781e+01
4.959539706690650718e+01
7.347603561538494432e+01
4.929528539286839361e+01
4.059565587649115059e+01
5.613437543678786312e+01
4.049410674975008817e+01
5.288941006549929824e+01
3.169934438506843577e+01
7.222804081731877091e+01
5.406105527777489073e+01
3.110165922629906987e+01
1.513986017834069742e+01
2.926305793612743855e+01
4.553604591295466264e+01
7.337475989122174269e+01
3.506300173652125096e+01
2.481502320818066210e+01
6.322299976890853657e+01
4.984311985865434735e+01
4.648181470570706608e+01
7.972804103721053082e+01
7.051516301622807248e+01
6.594804935500252441e+01
4.031106377847812894e+01
6.120367955691227024e+01
4.301996384912866489e+01
1.563989623676145868e+01
2.566084029328995797e+01
6.646864724536210645e+01
6.340680498852324831e+01
3.721433943141934719e+01
5.747899974073813212e+01
2.652819322516560163e+01
2.448701250127547979e+01
3.095312199425892885e+01
5.904532150152463288e+01
2.045458861126312655e+01
4.039923079016278962e+01
2.550555748675590451e+01
6.934066659591206871e+01
2.763368008387609365e+01
4.254159564934197135e+01
2.746483419053107156e+01
4.744417915698347343e+01
1.719733156006622465e+01
7.526045757301322681e+01
7.077085875766370293e+01
1.840862002602193570e+01
3.368866340965228545e+01
6.536617612658444898e+01
4.618120216033570102e+01
7.357379452412371279e+01
5.888578246212735934e+01
4.097130945713162475e+01
3.692118582408784988e+01
4.949992712201232337e+01
5.300950303222078475e+01
2.675087600504566865e+01
3.195839988668869580e+01
3.454708201120463684e+01
2.230272449965178794e+01
2.217964655038502997e+01
5.923989289648952905e+01
3.524325596605547162e+01
5.107343621132857692e+01
5.485762358366994107e+01
1.627488591971203391e+01
6.257108285367482381e+01
6.976103425528626190e+01
4.944748470902896997e+01
4.008555029752530174e+01
7.466177907318304108e+01
2.437516256692030936e+01
4.299831746685993039e+01
3.968424483632222177e+01
3.204747985823696155e+01
5.713590747770865619e+01
6.483874292923555060e+01
5.059386648066984549e+01
3.133347582659289543e+01
2.429377715021549733e+01
5.613969155475837169e+01
3.982707871527818355e+01
3.673735969228181375e+01
4.384607368395806049e+01
5.002490875752918242e+01
4.528850348232376177e+01
5.143064225066767392e+01
4.744798698017114447e+01
5.953249790841285005e+01
5.657710358138867690e+01
5.009599574205060435e+01
4.103596542258692637e+01
3.839157027848855108e+01
1.927668924699506192e+01
6.873736988320703745e+01
2.508450622585278467e+01
6.884892881944215048e+01
6.458039099786533654e+01
3.517318326171863418e+01
4.966165454492117703e+01
4.738494770562751768e+01
5.696810445097987952e+01
3.753760767674343413e+01
2.277507845813185128e+01
7.897212915686222345e+01
3.419344138815012002e+01
4.614030766665096905e+01
5.976655885782933808e+01
2.844955759288090036e+01
2.858941456292915007e+01
3.026509657478614201e+01
5.092517336102096692e+01
7.230971987495350106e+01
3.625852961295640142e+01
6.261180270111117352e+01
6.274163076659354488e+01
5.816390145859509175e+01
6.176978311297380486e+01
4.632505977820623855e+01
5.837540549655187760e+01
1.656832354803002971e+01
7.433527287425515340e+01
7.484715434420070324e+01
2.663802389235249990e+01
3.489615558451716026e+01
6.390722429625202494e+01
6.916929139533851867e+01
6.773429828816991005e+01
3.992826697552579418e+01
4.720930672557820174e+01
2.171598756296777566e+01
3.005549846260548463e+01
2.441641307768316693e+01
6.180127777653156329e+01
7.866423325694582047e+01
6.588901558075889398e+01
5.100407954484140305e+01
5.315314063222285768e+01
3.684396843737287952e+01
1.650843131328259261e+01
4.522993172293121233e+01
4.404091134031672539e+01
2.802177696272371321e+01
6.242470341674012957e+01
4.387601965289795203e+01
3.988598755550236774e+01
5.240121830416872228e+01
5.631596558628902471e+01
7.331963175485346085e+01
4.609368170006100485e+01
2.393584981239047238e+01
6.726708950896284023e+01
3.499208302688344219e+01
5.943559850737675276e+01
2.519836957638440822e+01
6.058701417996320515e+01
3.490192828992117313e+01
2.498139334659545341e+01
2.296360292825216476e+01
7.635124973910480151e+01
2.934256239381583953e+01
2.697439696473482229e+01
3.114829030237897456e+01
5.080172829647058563e+01
2.248149221600942838e+01
4.041303566991259544e+01
3.406911910420873113e+01
5.148469796378772401e+01
6.116427560030530231e+01
5.493630349521897926e+01
1.703132315529887109e+01
7.821217668435099313e+01
2.677800788594974790e+01
4.985418237437703937e+01
7.469144325888525771e+01
2.337598426597613610e+01
7.191708299994590448e+01
5.641431618323672836e+01
2.646832757814774340e+01
5.509474394400715624e+01
4.522422018178198044e+01
1.994754274185925169e+01
6.241876529015659258e+01
6.887061339283232542e+01
4.744425415998131257e+01
7.616784718616483474e+01
6.443999489390034796e+01
4.109076341669361909e+01
1.893993011775351931e+01
4.531633502631687094e+01
5.826201853419951249e+01
2.122548916825635956e+01
3.796094307362808706e+01
4.426991412242511359e+01
7.906055049461423323e+01
5.515403776935673363e+01
3.193058828214342526e+01
5.697018474235640895e+01
7.112176030336397048e+01
6.215722095708116512e+01
3.639513348823792427e+01
2.919978584936522736e+01
5.654333116869141662e+01
3.764617913983803987e+01
2.035788733808634277e+01
3.444813999778148883e+01
5.567712781822366708e+01
3.188906878562496416e+01
5.082246467406045554e+01
7.350392840856724774e+01
6.649357058451836622e+01
3.349367942607205606e+01
5.018757637061316501e+01
7.325133265828434048e+01
7.471613378041655551e+01
7.928008970824016899e+01
5.353998761219973801e+01
1.746362843320937230e+01
6.917740463618822844e+01
2.891257169583042952e+01
2.388115087928533598e+01
5.223538675984475788e+01
2.672630070769171340e+01
6.102742480433832384e+01
2.642203455042371019e+01
6.872146360410727084e+01
6.251798398839602555e+01
2.280958428507830860e+01
4.426010651080446223e+01
7.094357197437413731e+01
6.072152075687176875e+01
5.777402349646290247e+01
1.752585872506205078e+01
4.018659191787833862e+01
1.548913428288489058e+01
6.098067345844379616e+01
5.485483198864518783e+01
2.736481032042940598e+01
7.423413021907452958e+01
7.631062333338059034e+01
3.707994735777390360e+01
6.314378094837879019e+01
2.379385951353747686e+01
3.986245059036230032e+01
3.556377914064530188e+01
7.099654957485597606e+01
2.822730878005415889e+01
6.279676986841622011e+01
3.661142056359629038e+01
3.878381904522055379e+01
5.443902343162635304e+01
2.333736116189238174e+01
6.930644497823098504e+01
6.452962538338692866e+01
5.846978654677123188e+01
3.122975825824132556e+01
5.132012691704997565e+01
3.760339649423023900e+01
6.291501138877864463e+01
3.829792362487565072e+01
7.596653054095088464e+01
1.936124250089304155e+01
6.738741877934586455e+01
3.972024049460437567e+01
5.988862185913620806e+01
2.093622555619894854e+01
3.193536806612364387e+01
4.246695096124931723e+01
1.557641459892235503e+01
7.356688214471920162e+01
7.797693999832225131e+01
4.859209505612886915e+01
5.261624520009608830e+01
5.737550945481416420e+01
1.892486410755399362e+01
5.035409687722514605e+01
5.433896094377793418e+01
6.521850941098311694e+01
2.801883709163914205e+01
6.769456237649364994e+01
2.874789944222577986e+01
4.899248520192998058e+01
3.207899696529364775e+01
5.873572790207086314e+01
5.986432767800815924e+01
2.708506764300172165e+01
7.977407630437400599e+01
4.313151043186719846e+01
5.848911992157903228e+01
2.724393797468663081e+01
4.672897026980671598e+01
7.690014348569036429e+01
5.758340431321904873e+01
3.604454416458900567e+01
2.160669208136388164e+01
1.551846995172437005e+01
6.737982478478387804e+01
2.810827694119227971e+01
6.156313908274956503e+01
4.136007336565178605e+01
6.984829610976308345e+01
5.576475744294407377e+01
2.058975881569672595e+01
2.462152317272178692e+01
3.389927570901801346e+01
2.016003916548455521e+01
5.130310956561719138e+01
4.203346015343062447e+01
5.688394169212261176e+01
6.699358757948333221e+01
5.885841376672649972e+01
3.529538487759086252e+01
5.617128895869272753e+01
7.718948818995305317e+01
6.043206410945215623e+01
1.835482282285510536e+01
7.938084507729870154e+01
2.024264565343548838e+01
2.675663354730588850e+01
1.850277832687126534e+01
5.824346879277410949e+01
2.056038192792026109e+01
7.479218395429654720e+01
3.590601603327599634e+01
5.824012493863171613e+01
7.642453849052367332e+01
5.644806283336639297e+01
2.689840121455277000e+01
3.329151738809182604e+01
4.156857869993278598e+01
4.061419086551814672e+01
4.655725187685271749e+01
7.245444836586131032e+01
3.273778565677781671e+01
3.505942945582319936e+01
4.877096283950412214e+01
4.249407932830308710e+01
5.365121220705015048e+01
5.956918460151203476e+01
5.983629065631475896e+01
2.342581686670517627e+01
5.732279376260616033e+01
6.738893125721139654e+01
4.854863616250367642e+01
1.527443977856634660e+01
1.631075200830537142e+01
6.485235463806964162e+01
2.932736180966263362e+01
6.410421166582642627e+01
6.873683080574073756e+01
5.678201262803307259e+01
5.526427199110176502e+01
6.950098263710010826e+01
7.988835523375666980e+01
4.418049474981268787e+01
7.133163712172996895e+01
4.450064709702837717e+01
6.736755220936653643e+01
2.239164893836002790e+01
3.354213876754788970e+01
4.777994575118739107e+01
1.578872880119438094e+01
4.029104695506933353e+01
6.747373481128789763e+01
4.518370185496480929e+01
2.037737683575878833e+01
4.256717834021799263e+01
4.150964235807793301e+01
6.657532514576027438e+01
2.053037936860415869e+01
6.588770502166387644e+01
3.738432541178761426e+01
3.111860682560132574e+01
7.054942440417134719e+01
1.974617775478774462e+01
7.252897241718662258e+01
1.597095705070690030e+01
2.745306593761598890e+01
1.670406243834481330e+01
5.282734667065591339e+01
6.348063705484636898e+01
3.840524861255534006e+01
6.126068557371760903e+01
6.265880799752352459e+01
6.343778018664796292e+01
2.652530860392328549e+01
4.392277503768814029e+01
6.562440580864296180e+01
6.597573056418282533e+01
1.770738427029453277e+01
2.151592994567343453e+01
3.748006578063804284e+01
3.507642268688778131e+01
4.167965498852932171e+01
7.257387054059668685e+01
7.837192051136452164e+01
7.241771579365794764e+01
5.100809288119005913e+01
5.657624336635214490e+01
7.022650969438853963e+01
6.673724815671306487e+01
6.642681195275278583e+01
6.455915379603736426e+01
3.440603633092921143e+01
7.792648046376558568e+01
3.035824192965447565e+01
2.844594623930843369e+01
2.603295122531410755e+01
7.267115029171405638e+01
2.634697329359735818e+01
3.970232160821170453e+01
6.946718826300033811e+01
4.324721440784766457e+01
5.574994013025182937e+01
4.639482873618730707e+01
3.323321398184103259e+01
4.053704455232494297e+01
6.105037060295090612e+01
7.164514752111004725e+01
5.041806844987830516e+01
7.923652447177472880e+01
2.156420795932834977e+01
5.055514168456241464e+01
4.125887226147848708e+01
7.391978765907073523e+01
6.548069491780597673e+01
3.553440598773150327e+01
3.590288050090997984e+01
3.087883267121598152e+01
5.188403557740642214e+01
3.575312639758590194e+01
4.879691506961042080e+01
2.262471415871887359e+01
3.938177967031460724e+01
2.967889546336348161e+01
3.263724937679895532e+01
2.775459061489674895e+01
1.744538706438201814e+01
6.381026851811878231e+01
1.690130209200903266e+01
6.267255255075477294e+01
2.083074658475580065e+01
3.688682175498887972e+01
2.670319077674278674e+01
6.135239147435716234e+01
6.488236653179882296e+01
4.428863601838379793e+01
4.156664177480012512e+01
2.866238000510045936e+01
2.262467341609154658e+01
5.261758822312489059e+01
7.913961448342041649e+01
7.865282570191506295e+01
1.727920545069922298e+01
7.392587107854247108e+01
7.560525213072590134e+01
2.055234410662436773e+01
4.518937346674246669e+01
1.871063456446199069e+01
6.464625544686064984e+01
1.798517430740209733e+01
4.268041825291039970e+01
5.605976214620374520e+01
1.701170998047874150e+01
3.734240618852022919e+01
2.805128775834498356e+01
3.365593505848540445e+01
1.611099393199113905e+01
6.201278777509309492e+01
3.924531249342524575e+01
5.272914742750558048e+01
4.769043263492901730e+01
3.904889150215513638e+01
4.335946911121050817e+01
5.959604808851743485e+01
6.628355913567529001e+01
5.673145252431380925e+01
1.507688523623041021e+01
2.361499716956080164e+01
4.326695292268377813e+01
3.042204561249292283e+01
3.162068977532647551e+01
1.627536306588848447e+01
6.878719008846445604e+01
2.755242426376891984e+01
5.968771382893138622e+01
3.351916149743257023e+01
6.562407746082489268e+01
3.513342682692189101e+01
6.465761991676210130e+01
7.488753344085465358e+01
5.543847674722232455e+01
4.329982688775550059e+01
2.989178393879659268e+01
4.276823570376537731e+01
7.867310506087456190e+01
2.313266146144803770e+01
1.879443566148912481e+01
5.353261693011094735e+01
1.922793038288284606e+01
2.466288683948131677e+01
3.264011867436264680e+01
6.932790255592979634e+01
6.526324647418746849e+01
4.174310356094550656e+01
3.578053713867201679e+01
2.654069254710400116e+01
4.942746723343311288e+01
4.023569206693137090e+01
3.248023323552295949e+01
5.453469863801710460e+01
6.245371987111870027e+01
6.650832870452229884e+01
2.808406273191726399e+01
7.672871295330951114e+01
6.615052937153370749e+01
6.560629055531055087e+01
5.327786422185907611e+01
5.780882422493606754e+01
6.471249201709844101e+01
1.685527311815174301e+01
2.286971160706444550e+01
4.252048647008250981e+01
5.228660935921637787e+01
4.098076736704329903e+01
1.943995207526767643e+01
4.132971336330922441e+01
2.621102244104785939e+01
3.275773683158644189e+01
4.223671529538263769e+01
4.411512744758663729e+01
6.104953072156848748e+01
6.521978189625116329e+01
7.661653864332180319e+01
3.882945650901971391e+01
7.618849108815864213e+01
6.816033364254400340e+01
2.234936757624447523e+01
3.336307962316973885e+01
7.650502279049841547e+01
5.009856347541193600e+01
7.944113948377142265e+01
6.904001963857744784e+01
7.401718883210581623e+01
5.556982856087347500e+01
7.999805138556423856e+01
2.620186439047854776e+01
5.497412032330181830e+01
7.430620726095006034e+01
3.622878619628050956e+01
3.588745441791839141e+01
3.587188419309222098e+01
7.264677187782575629e+01
7.201726769404243100e+01
7.622810687088880854e+01
2.538954749955899359e+01
7.103931018829653965e+01
6.819241553805558453e+01
2.583772019158215016e+01
6.831277102908862275e+01
1.875979233033413607e+01
7.815823483758472889e+01
4.704026515916746831e+01
5.614515158291521857e+01
6.698771498159798909e+01
3.334067918294188360e+01
