0
73 
72
91
76 
99 
106 
112 
95 
86 
96 
83 
98 
98 
101 
95 
90 
97 
95 
105 
101 
100 
110 
95 
100 
102 
103 
84 
96 
99 
103 
104 
104 
115 
105 
95 
103 
100 
97 
99 
99 
99 
105 
106 
102 
100 
92 
107 
89 
100 
100 
104 
102 
109 
100 
118 
103 
91 
100 
86 
90 
103 
96 
96 
106 
96 
110 
101 
100 
106 
96 
86 
110 
100 
103 
94 
95 
94 
96 
103 
103 
92 
100 
97  
111 
95 
95 
103 
97 
93 
89 
104 
102 
108 
103 
93 
96 
92  
96 
107 
100 
90 
102 
100 
95 
90 
104 
87 
102 
98 
99 
101 
103 
89 
88 
100 
97 
97 
94 
98 
108 
96 
102 
93 
104 
99 
95 
97 
96 
82 
104 
108 
100 
105 
109 
109 
124 
107 
106 
99 
94 
111 
79 
104 
111 
103 
89 
106 
107 
92 
92 
103 
104 
113 
99 
106 
96 
96 
111 
108 
101 
90 
93 
105 
94 
98 
84 
97 
101 
103 
94 
105 
102 
101 
96 
96 
103 
93 
98 
99 
104 
96 
103 
103 
105 
92 
82 
90 
99 
94 
106 
92 
103 
108 
106 
107 
100 
86 
120 
84 
101 
91 
93 
107 
100 
99 
111 
93 
104 
103 
103 
91 
107 
96 
99 
102 
97 
103 
101 
97 
99 
97 
97 
104 
102 
98 
105 
99 
116 
103 
101 
104 
100 
102 
99 
93 
101 
98 
101 
106 
102 
104 
107 
114 
99 
104 
94 
103 
96 
97 
105 
103 
98 
103 
100 
113 
115 
104 
101 
100 
101 
96 
108 
100 
99 
103 
107 
95 
94 
97 
99 
94 
93 
98 
93 
111 
94 
107 
101 
97 
105 
103 
99 
104 
101 
103 
102 
99 
103 
107 
89 
92 
103 
113 
103 
94 
96 
87 
99 
97 
78 
101 
103 
101 
108 
104 
104 
108 
83 
108 
104 
96 
103 
98 
98 
107 
100 
102 
112 
93 
102 
86 
100 
104 
98 
92 
104 
99 
105 
105 
95 
103 
102 
100 
96 
99 
100 
101 
100 
107 
91 
102 
95 
91 
106 
108 
109 
98 
102 
98 
93 
95 
104 
93 
107 
95 
94 
91 
106 
103 
102 
83 
96 
102 
102 
98 
104 
101 
99 
107 
98 
103 
99 
96 
108 
108 
104 
108 
102 
85 
110 
105 
94 
97 
105 
98 
105 
98 
98 
100 
102 
103 
105 
98 
94 
95 
109 
100 
102 
110 
99 
107 
101 
113 
103 
97 
109 
93 
95 
100 
107 
93 
108 
96 
98 
107 
114 
93 
93 
98 
96 
105 
110 
102 
88 
95 
103 
102 
100 
106 
98 
114 
105 
102 
102 
107 
101 
103 
118 
99 
110 
94 
104 
105 
104 
97 
93
101 
99 
103 
113 
81 
88 
98 
105 
92 
111 
109 
104 
112 
107 
108 
98 
92 
116 
111 
103 
95 
110 
91 
99 
99 
97 
93 
108 
97 
99 
102 
97 
99 
106 
96 
96 
111 
105 
106 
110 
103 
88 
92 
90 
122 
99 
105 
89 
107 
98 
96 
101 
106 
108 
90 
115 
107 
104 
104 
104 
105 
95 
102 
95 
110 
109 
97 
97 
98 
101 
94 
96 
103 
103 
112 
113 
106 
98 
98 
84 
104 
108 
106 
104 
98 
89 
98 
101 
85 
107 
98 
105 
104 
98 
103 
98 
100 
101 
101 
92 
109 
100 
100 
104 
101 
110 
111 
104 
107 
102 
106 
101 
110 
94 
100 
100 
108 
93 
98 
92 
101 
97 
96 
92 
94 
95 
95 
105 
100 
100 
106 
104 
102 
83 
99 
99 
101 
99 
100 
101 
102 
104 
99 
106 
99 
106 
112 
97 
105 
103 
100 
107 
96 
93 
107 
100 
110 
108 
103 
104 
106 
94 
116 
108 
104 
78 
99 
104 
86 
108 
99 
103 
106 
107 
114 
104 
100 
110 
94 
90 
83 
101 
111 
102 
106 
90 
101 
98 
90 
100 
113 
107 
99 
96 
91 
103 
96 
94 
93 
115 
100 
94 
106 
98 
104 
92 
113 
104 
112 
96 
101 
102 
96 
103 
105 
100 
79 
98 
105 
104 
111 
113 
81 
97 
105 
104 
97 
88 
100
88 
87 
95 
104 
109 
100 
97 
103 
100 
100 
100 
101 
96 
99 
104 
102 
101 
84 
102 
106 
109 
102 
94 
98