699 0
0   73 
698 72
1   91
2   76 
3   99 
4   106 
5   112 
6   95 
7   86 
8   96 
9   83 
10  98 
11  98 
12  101 
13  95 
14  90 
15  97 
16  95 
17  105 
18  101 
19  100 
20  110 
21  95 
22  100 
23  102 
24  103 
25  84 
26  96 
27  99 
28  103 
29  104 
30  104 
31  115 
32  105 
33  95 
34  103 
35  100 
36  97 
37  99 
38  99 
39  99 
40  105 
41  106 
42  102 
43  100 
44  92 
45  107 
46  89 
47  100 
48  100 
49  104 
50  102 
51  109 
52  100 
53  118 
54  103 
55  91 
56  100 
57  86 
58  90 
59  103 
60  96 
61  96 
62  106 
63  96 
64  110 
65  101 
66  100 
67  106 
68  96 
69  86 
70  110 
71  100 
72  103 
73  94 
74  95 
75  94 
76  96 
77  103 
78  103 
79  92 
80  100 
81  97  
82  111 
83  95 
84  95 
85  103 
86  97 
87  93 
88  89 
89  104 
90  102 
91  108 
92  103 
93  93 
94  96 
95  92  
96  96 
97  107 
98  100 
99  90 
100 102 
101 100 
102 95 
103 90 
104 104 
105 87 
106 102 
107 98 
108 99 
109 101 
110 103 
111 89 
112 88 
113 100 
114 97 
115 97 
116 94 
117 98 
118 108 
119 96 
120 102 
121 93 
122 104 
123 99 
124 95 
125 97 
126 96 
127 82 
128 104 
129 108 
130 100 
131 105 
132 109 
133 109 
134 124 
135 107 
136 106 
137 99 
138 94 
139 111 
140 79 
141 104 
142 111 
143 103 
144 89 
145 106 
146 107 
147 92 
148 92 
149 103 
150 104 
151 113 
152 99 
153 106 
154 96 
155 96 
156 111 
157 108 
158 101 
159 90 
160 93 
161 105 
162 94 
163 98 
164 84 
165 97 
166 101 
167 103 
168 94 
169 105 
170 102 
171 101 
172 96 
173 96 
174 103 
175 93 
176 98 
177 99 
178 104 
179 96 
180 103 
181 103 
182 105 
183 92 
184 82 
185 90 
186 99 
187 94 
188 106 
189 92 
190 103 
191 108 
192 106 
193 107 
194 100 
195 86 
196 120 
197 84 
198 101 
199 91 
200 93 
201 107 
202 100 
203 99 
204 111 
205 93 
206 104 
207 103 
208 103 
209 91 
210 107 
211 96 
212 99 
213 102 
214 97 
215 103 
216 101 
217 97 
218 99 
219 97 
220 97 
221 104 
222 102 
223 98 
224 105 
225 99 
226 116 
227 103 
228 101 
229 104 
230 100 
231 102 
232 99 
233 93 
234 101 
235 98 
236 101 
237 106 
238 102 
239 104 
240 107 
241 114 
242 99 
243 104 
244 94 
245 103 
246 96 
247 97 
248 105 
249 103 
250 98 
251 103 
252 100 
253 113 
254 115 
255 104 
256 101 
257 100 
258 101 
259 96 
260 108 
261 100 
262 99 
263 103 
264 107 
265 95 
266 94 
267 97 
268 99 
269 94 
270 93 
271 98 
272 93 
273 111 
274 94 
275 107 
276 101 
277 97 
278 105 
279 103 
280 99 
281 104 
282 101 
283 103 
284 102 
285 99 
286 103 
287 107 
288 89 
289 92 
290 103 
291 113 
292 103 
293 94 
294 96 
295 87 
296 99 
297 97 
298 78 
299 101 
300 103 
301 101 
302 108 
303 104 
304 104 
305 108 
306 83 
307 108 
308 104 
309 96 
310 103 
311 98 
312 98 
313 107 
314 100 
315 102 
316 112 
317 93 
318 102 
319 86 
320 100 
321 104 
322 98 
323 92 
324 104 
325 99 
326 105 
327 105 
328 95 
329 103 
330 102 
331 100 
332 96 
333 99 
334 100 
335 101 
336 100 
337 107 
338 91 
339 102 
340 95 
341 91 
342 106 
343 108 
344 109 
345 98 
346 102 
347 98 
348 93 
349 95 
350 104 
351 93 
352 107 
353 95 
354 94 
355 91 
356 106 
357 103 
358 102 
359 83 
360 96 
361 102 
362 102 
363 98 
364 104 
365 101 
366 99 
367 107 
368 98 
369 103 
370 99 
371 96 
372 108 
373 108 
374 104 
375 108 
376 102 
377 85 
378 110 
379 105 
380 94 
381 97 
382 105 
383 98 
384 105 
385 98 
386 98 
387 100 
388 102 
389 103 
390 105 
391 98 
392 94 
393 95 
394 109 
395 100 
396 102 
397 110 
398 99 
399 107 
400 101 
401 113 
402 103 
403 97 
404 109 
405 93 
406 95 
407 100 
408 107 
409 93 
410 108 
411 96 
412 98 
413 107 
414 114 
415 93 
416 93 
417 98 
418 96 
419 105 
420 110 
421 102 
422 88 
423 95 
424 103 
425 102 
426 100 
427 106 
428 98 
429 114 
430 105 
431 102 
432 102 
433 107 
434 101 
435 103 
436 118 
437 99 
438 110 
439 94 
440 104 
441 105 
442 104 
443 97 
444 93
445 101 
446 99 
447 103 
448 113 
449 81 
450 88 
451 98 
452 105 
453 92 
454 111 
455 109 
456 104 
457 112 
458 107 
459 108 
460 98 
461 92 
462 116 
463 111 
464 103 
465 95 
466 110 
467 91 
468 99 
469 99 
470 97 
471 93 
472 108 
473 97 
474 99 
475 102 
476 97 
477 99 
478 106 
479 96 
480 96 
481 111 
482 105 
483 106 
484 110 
485 103 
486 88 
487 92 
488 90 
489 122 
490 99 
491 105 
492 89 
493 107 
494 98 
495 96 
496 101 
497 106 
498 108 
499 90 
500 115 
501 107 
502 104 
503 104 
504 104 
505 105 
506 95 
507 102 
508 95 
509 110 
510 109 
511 97 
512 97 
513 98 
514 101 
515 94 
516 96 
517 103 
518 103 
519 112 
520 113 
521 106 
522 98 
523 98 
524 84 
525 104 
526 108 
527 106 
528 104 
529 98 
530 89 
531 98 
532 101 
533 85 
534 107 
535 98 
536 105 
537 104 
538 98 
539 103 
540 98 
541 100 
542 101 
543 101 
544 92 
545 109 
546 100 
547 100 
548 104 
549 101 
550 110 
551 111 
552 104 
553 107 
554 102 
555 106 
556 101 
557 110 
558 94 
559 100 
560 100 
561 108 
562 93 
563 98 
564 92 
565 101 
566 97 
567 96 
568 92 
569 94 
570 95 
571 95 
572 105 
573 100 
574 100 
575 106 
576 104 
577 102 
578 83 
579 99 
580 99 
581 101 
582 99 
583 100 
584 101 
585 102 
586 104 
587 99 
588 106 
589 99 
590 106 
591 112 
592 97 
593 105 
594 103 
595 100 
596 107 
597 96 
598 93 
599 107 
600 100 
601 110 
602 108 
603 103 
604 104 
605 106 
606 94 
607 116 
608 108 
609 104 
610 78 
611 99 
612 104 
613 86 
614 108 
615 99 
616 103 
617 106 
618 107 
619 114 
620 104 
621 100 
622 110 
623 94 
624 90 
625 83 
626 101 
627 111 
628 102 
629 106 
630 90 
631 101 
632 98 
633 90 
634 100 
635 113 
636 107 
637 99 
638 96 
639 91 
640 103 
641 96 
642 94 
643 93 
644 115 
645 100 
646 94 
647 106 
648 98 
649 104 
650 92 
651 113 
652 104 
653 112 
654 96 
655 101 
656 102 
657 96 
658 103 
659 105 
660 100 
661 79 
662 98 
663 105 
664 104 
665 111 
666 113 
667 81 
668 97 
669 105 
670 104 
671 97 
672 88 
673 100
674 88 
675 87 
676 95 
677 104 
678 109 
679 100 
680 97 
681 103 
682 100 
683 100 
684 100 
685 101 
686 96 
687 99 
688 104 
689 102 
690 101 
691 84 
692 102 
693 106 
694 109 
695 102 
696 94 
697 98