56
40
77
87
73
96
60
94
97
80
82
13
90
9
25
95
55
59
77
40
36
76
95
74
21
41
73
81
46
13
88
1
51
35
19
40
25
67
71
23
9
48
72
30
91
28
56
14
89
23
93
37
25
28
75
82
92
26
18
95
49
82
33
21
62
10
48
39
93
38
75
21
57
84
67
2
94
41
61
68
82
50
5
99
66
20
29
33
17
80
69
52
87
97
61
28
0
23
37
55
17
8
68
62
91
9
80
62
91
0
17
19
11
35
81
47
91
75
6
2
90
6
46
17
90
86
51
8
72
75
49
57
57
95
53
25
22
39
43
37
91
73
7
38
50
80
12
60
16
39
97
77
76
74
92
12
43
25
92
88
56
98
73
35
85
5
75
39
30
66
75
52
48
47
24
41
72
19
82
15
5
78
64
91
68
26
76
59
43
81
79
41
55
32
21
52
25
95
17
7
91
82
92
89
3
67
32
25
18
93
1
15
6
73
47
19
60
7
89
42
68
39
13
18
9
84
60
21
14
9
72
13
81
82
0
62
77
25
6
29
26
78
94
92
48
32
91
85
46
29
48
68
15
39
73
15
58
31
50
56
38
79
71
49
44
67
24
11
4
73
91
5
2
18
56
6
41
10
84
22
80
11
29
40
97
37
40
4
70
54
76
32
66
20
23
56
52
69
19
70
6
43
42
50
13
28
61
46
46
53
49
73
92
39
91
29
5
45
42
6
18
34
46
17
19
74
71
85
81
64
59
37
82
91
20
35
30
29
13
95
40
23
23
30
33
71
27
92
82
94
74
16
32
62
23
8
95
59
40
65
67
24
44
71
83
56
93
48
87
42
73
29
13
37
13
94
26
64
12
87
86
1
9
43
49
93
64
32
11
88
58
34
51
29
99
25
43
35
72
53
83
57
25
89
7
99
68
76
93
18
50
98
24
6
94
5
70
18
48
73
32
56
24
78
99
58
3
78
9
40
37
59
86
34
44
42
44
65
75
0
85
97
35
99
52
97
50
36
89
34
44
80
73
81
83
61
85
64
66
42
45
71
49
85
92
75
27
84
30
10
67
70
90
4
49
36
74
18
36
76
7
41
16
64
61
97
86
89
39
67
45
54
95
84
4
96
65
10
65
4
52
32
80
31
56
45
68
40
46
33
53
79
53
75
11
61
10
30
22
16
99
59
98
76
91
82
73
35
1
45
39
89
46
45
57
42
67
94
25
76
36
57
13
79
90
40
6
4
47
18
22
74
27
31
65
7
41
94
37
58
96
54
84
83
63
18
19
8
8
32
40
66
96
95
63
84
9
79
68
87
16
26
27
69
57
49
50
32
5
32
79
61
42
77
61
62
41
74
89
8
21
7
60
32
26
3
59
84
40
69
86
65
41
1
49
23
52
11
75
69
91
96
64
25
0
32
58
95
27
55
36
2
91
2
22
86
78
89
67
77
42
94
7
23
98
13
7
35
76
22
59
29
92
6
56
5
60
34
82
81
53
87
63
94
94
7
21
39
49
16
56
10
3
70
36
71
75
16
62
14
57
86
72
84
46
97
98
65
15
34
66
45
35
56
55
1
11
12
42
91
53
66
73
4
83
85
0
48
80
83
81
83
55
82
79
3
42
67
38
86
86
89
1
74
70
24
32
82
48
78
92
10
19
41
4
94
38
31
20
58
33
78
41
38
30
20
67
81
53
22
1
91
63
59
36
16
36
15
89
9
19
69
40
89
96
62
73
24
20
67
4
62
70
13
57
59
74
50
48
74
29
31
47
80
0
4
6
15
62
71
62
99
95
20
73
47
42
5
17
54
17
58
87
51
80
55
18
3
11
25
24
71
8
9
83
2
16
59
76
76
24
50
97
15
51
33
8
36
35
65
8
49
17
4
26
78
29
94
87
69
65
65
21
15
41
30
86
12
30
57
98
98
15
34
39
61
61
50
49
33
34
88
29
92
36
41
36
21
67
0
37
70
92
62
55
50
27
16
8
46
28
71
15
9
77
89
19
89
96
12
23
8
46
76
68
7
27
76
22
58
28
2
80
61
13
79
35
45
16
80
8
85
93
6
95
66
68
68
30
96
92
67
51
64
97
50
55
63
4
87
79
25
94
11
67
78
46
45
25
31
39
18
18
56
5
45
63
52
59
78
83
53
21
99
76
62
58
50
28
7
17
16
64
52
59
97
23
1
12
97
12
0
12
14
15
59
48
99
35
47
73
45
88
17
15
24
31
60
17
4
95
67
12
16
85
33
41
42
83
55
96
37
76
40
27
72
11
10
34
51
82
56
48
15
65
47
78
65
8
41
78
23
77
12
3
71
77
23
99
56
88
7
49
5
55
0
0
47
61
38
11
90
69
82
3
21
12
87
42
83
22
18
61
77
65
25
68
4
65
71
45
61
85
41
50
15
74
23
55
84
30
78
87
8
16
21
6
47
26
89
71
6
45
34
34
48
24
98
21
73
0
52
71
70
31
13
85
77
52
50
36
12
85
47
10
29
66
65
8
33
54
86
65
98
6
89
49
45
30
72
1
72
19
74
52
82
54
96
65
8
31
11
35
12
3
39
53
17
23
99
11
2
41
85
20
26
61
15
71
28
94
94
19
34
21
2
82
83
57
38
37
64
75
37
61
55
4
92
26
39
12
6
63
36
82
43
65
32
53
5
82
40
5
60
17
27
95
66
33
75
85
29
47
65
41
81
0
64
11
58
2
65
49
27
94
97
71
90
94
54
83
78
79
14
58
43
34
54
16
20
59
19
89
79
38
39
77
29
61
78
57
63
22
33
41
65
85
70
80
4
69
37
79
14
11
71
58
25
10
25
89
20
65
91
26
99
86
45
86
60
65
62
13
17
24
52
21
20
32
59
22
9
80
29
20
94
72
13
45
73
49
82
74
73
7
23
63
22
35
21
97
82
46
96
27
36
78
1
8
52
79
55
17
67
53
14
14
85
40
33
70
56
55
6
86
23
85
30
41
14
58
97
61
96
58
48
89
14
23
30
15
82
55
4
24
28
79
11
94
55
41
74
57
60
65
13
34
6
20
86
71
65
61
14
55
65
36
73
89
97
90
57
46
93
34
32
44
11
13
77
80
33
85
70
39
84
45
59
81
83
10
77
42
35
17
79
78
81
63
13
31
33
85
3
28
29
42
92
84
53
45
72
83
38
63
3
56
68
64
64
52
49
5
84
50
63
98
74
55
64
5
26
92
88
7
60
10
31
17
88
61
65
94
28
40
22
15
78
51
65
23
23
58
88
71
66
62
1
73
41
2
63
9
29
88
36
20
88
67
98
53
40
30
39
80
41
10
97
65
19
13
38
16
97
36
17
54
77
23
45
76
69
54
85
7
53
42
32
88
87
99
58
84
27
88
76
55
83
46
4
16
2
70
99
45
54
46
11
85
83
80
4
13
10
75
3
11
88
86
73
11
88
28
72
68
11
71
22
71
57
19
42
90
58
21
1
4
62
75
74
7
74
94
65
14
56
87
48
49
5
58
69
49
64
68
86
40
6
58
71
76
40
30
44
23
68
10
7
23
61
95
6
50
60
60
56
13
67
63
80
33
31
3
43
66
55
55
19
84
49
34
59
86
12
35
65
33
73
86
97
96
90
8
0
57
2
19
53
41
38
42
55
87
11
76
24
86
37
18
76
36
95
22
1
49
85
45
25
21
91
73
92
49
62
35
47
52
15
83
13
61
38
46
22
55
13
3
58
6
90
9
59
12
86
59
21
14
47
65
4
35
66
34
91
41
61
59
28
11
69
71
64
39
35
91
60
61
88
84
68
80
97
35
67
44
84
16
91
55
85
22
79
43
96
6
38
64
35
50
22
22
50
12
84
34
37
50
42
78
78
28
86
1
80
64
93
48
71
42
28
54
88
69
85
58
27
36
57
42
40
68
69
93
67
5
63
42
52
55
34
92
37
19
25
26
57
54
55
52
45
25
91
53
20
13
22
10
28
77
49
95
99
34
37
45
16
27
64
87
27
57
66
45
46
76
8
41
25
18
72
36
30
92
84
62
77
87
83
45
55
52
25
47
42
92
55
12
41
93
0
