91
59
80
41
30
81
29
87
82
5
47
79
72
95
49
54
56
67
89
14
13
32
8
65
6
25
84
69
1
14
64
30
97
21
78
73
54
18
98
76
56
0
15
73
6
5
16
24
3
35
73
39
10
31
6
12
62
31
7
1
80
51
28
23
24
5
87
77
78
78
32
34
81
14
64
38
24
39
69
76
17
37
64
56
6
74
40
32
90
76
15
36
4
41
31
94
58
11
62
82
73
76
45
86
86
61
21
85
84
87
7
9
57
81
90
86
2
42
50
29
75
98
55
93
81
88
11
73
34
63
96
63
38
29
37
79
12
67
19
2
41
71
83
84
98
34
46
24
32
22
35
32
83
87
48
1
83
36
36
51
67
64
61
4
11
62
5
25
17
17
65
94
50
52
8
23
2
77
5
47
65
73
84
0
31
52
22
98
15
93
31
17
59
79
96
37
23
29
97
97
11
15
44
4
65
58
86
78
72
18
14
37
34
50
8
85
52
56
12
70
47
42
11
82
57
20
53
71
74
94
56
62
12
17
43
24
41
57
79
59
32
45
94
28
69
86
12
72
57
85
63
49
81
68
14
90
25
55
21
25
96
87
15
48
98
98
91
54
94
84
1
40
54
70
4
64
35
13
56
0
77
5
22
5
51
91
1
46
75
4
0
64
85
42
93
80
52
24
28
11
76
45
28
88
58
89
45
95
97
67
59
41
26
74
82
60
59
35
26
48
35
6
93
99
37
97
7
9
78
73
97
50
3
14
57
36
80
49
29
23
82
52
62
96
95
66
6
46
3
27
1
23
17
54
81
82
80
26
92
47
95
50
15
44
92
72
80
38
72
91
3
56
85
11
64
23
96
10
35
69
49
65
94
60
81
96
15
81
42
69
45
38
37
42
9
72
21
99
40
48
2
35
55
84
32
21
90
81
21
21
81
19
60
47
59
41
99
96
56
73
16
44
82
83
55
59
80
94
39
14
10
14
86
57
55
73
82
66
51
83
10
37
63
91
0
10
83
45
0
42
40
13
92
98
46
13
81
95
99
14
58
39
17
11
89
20
0
66
59
94
20
75
19
8
42
66
29
62
4
12
86
37
6
69
95
18
38
89
95
0
47
49
23
96
78
75
25
74
9
56
55
97
92
32
56
79
85
95
43
10
19
43
14
75
70
18
82
93
13
62
30
72
16
58
44
82
36
6
91
85
64
6
58
63
52
86
41
10
69
78
66
36
47
65
57
34
89
51
75
83
88
16
28
99
97
13
63
61
24
29
0
10
57
32
56
51
44
34
78
81
9
95
26
18
68
38
65
79
27
36
60
48
66
59
86
91
26
99
55
64
65
99
78
89
57
22
69
62
67
35
20
27
94
67
79
13
52
79
44
61
19
18
92
55
76
32
80
74
85
43
27
65
40
32
3
85
40
13
17
28
14
74
1
2
87
61
49
73
57
35
9
18
46
56
22
73
6
66
71
94
51
17
53
34
21
41
2
12
85
84
52
85
64
61
39
12
61
22
24
90
31
14
27
8
92
18
36
7
31
89
65
85
55
73
36
16
3
60
46
36
80
27
59
40
90
10
64
50
28
9
61
59
19
53
48
8
16
53
49
30
51
90
88
68
90
40
48
91
71
96
29
46
59
11
52
3
23
89
62
63
71
54
10
45
49
51
71
82
50
84
77
21
27
88
11
14
67
93
25
75
36
38
22
50
88
51
13
52
80
60
27
85
19
5
24
17
76
64
8
82
71
83
36
27
39
27
57
85
96
85
3
20
99
80
13
40
47
71
24
72
9
53
41
66
3
87
92
77
48
16
23
76
91
62
38
67
94
48
64
91
97
43
14
49
84
73
74
95
53
44
31
47
41
87
99
16
32
35
93
65
67
88
28
87
65
18
63
26
21
18
51
33
68
11
94
19
38
62
89
85
97
85
12
32
37
79
77
57
53
29
10
95
26
23
15
60
58
86
55
96
8
69
54
95
6
41
39
62
1
22
94
60
80
54
13
21
12
72
35
70
23
97
93
9
12
94
28
92
37
83
26
37
66
57
88
17
58
66
49
6
70
89
41
93
10
88
9
40
39
38
48
18
70
8
89
28
31
99
27
28
79
3
53
13
63
71
23
90
69
61
52
22
33
27
95
12
98
6
43
22
49
46
10
55
97
10
77
36
83
37
85
75
4
84
74
87
92
22
75
28
34
47
13
48
65
61
6
60
33
0
89
35
95
54
93
51
49
97
35
57
57
25
24
20
35
78
66
33
37
87
38
25
47
22
58
90
3
78
35
38
78
11
22
82
24
20
51
31
9
7
42
83
33
85
17
38
5
79
2
53
37
37
61
34
80
64
81
93
71
94
67
31
34
89
14
73
5
64
57
7
38
23
6
77
50
28
53
58
85
93
52
92
57
4
40
27
46
97
8
37
20
18
92
9
45
97
1
82
30
29
31
75
99
74
71
5
1
94
66
28
23
40
22
61
84
80
87
59
65
83
97
42
22
21
92
33
94
8
23
26
50
91
9
18
33
62
10
1
5
20
78
84
41
14
15
78
99
54
95
44
28
72
71
59
42
35
25
10
5
8
49
53
38
18
76
10
87
73
61
38
7
1
88
45
33
57
66
57
38
77
38
8
40
83
21
77
68
57
69
10
79
92
45
19
93
7
98
73
50
71
33
91
38
29
79
21
99
89
9
23
60
25
46
72
4
53
1
60
79
74
79
79
52
4
80
44
4
17
93
48
82
27
62
38
55
56
53
38
84
72
79
32
82
71
53
4
5
61
66
68
44
70
31
58
71
29
87
55
50
68
23
34
18
93
53
25
42
67
57
77
4
48
8
48
47
50
21
60
30
95
68
1
54
89
13
35
57
98
96
17
36
9
6
81
35
33
40
73
2
1
87
37
82
72
92
99
19
22
52
15
12
60
59
63
30
8
96
54
38
87
41
94
54
47
69
23
84
20
25
34
63
63
91
8
82
9
31
88
56
80
68
3
87
2
23
57
11
58
2
46
13
49
48
22
23
22
23
18
54
41
74
32
83
20
61
29
46
65
85
16
4
6
72
34
30
79
44
60
30
4
35
60
26
51
83
73
83
98
98
40
44
28
89
63
99
96
77
91
15
67
50
27
31
51
16
81
30
95
70
84
75
37
9
1
26
69
4
22
4
4
37
86
27
53
33
54
86
15
31
75
12
76
86
29
34
52
0
63
10
65
49
45
25
41
29
23
37
92
73
14
39
95
32
35
15
41
69
6
30
94
31
13
63
6
22
2
65
47
8
58
3
13
62
27
53
32
43
34
54
19
81
65
3
88
55
25
95
88
95
91
15
44
1
92
0
44
44
29
99
67
72
92
84
11
19
17
18
51
83
0
18
62
20
59
34
94
66
10
92
36
6
45
82
70
50
50
36
90
81
64
36
37
8
15
34
76
34
40
5
37
98
67
72
41
46
84
60
85
69
63
9
75
62
48
27
74
64
13
83
57
22
29
66
11
44
93
41
67
49
92
89
18
82
72
69
61
83
63
34
65
53
48
55
4
23
75
37
18
49
58
64
68
53
49
70
72
60
14
32
56
74
1
71
91
49
35
36
33
83
26
64
95
20
77
45
68
49
11
57
26
91
85
44
91
64
19
55
29
52
52
11
60
15
71
7
75
93
0
6
46
70
67
53
98
23
17
68
21
28
40
90
16
92
46
26
71
74
41
47
20
29
69
55
74
82
69
12
86
24
59
55
3
60
55
90
63
99
58
55
66
53
86
61
70
70
76
87
35
34
81
34
12
17
11
48
38
46
36
22
69
69
27
62
16
73
57
90
0
62
70
11
80
10
5
53
28
59
69
82
15
98
44
25
33
58
44
14
69
46
17
35
63
67
74
52
45
94
51
58
87
13
82
48
21
56
92
75
60
42
67
0
95
81
38
56
72
42
57
51
29
52
21
0
68
76
18
52
59
37
43
25
60
1
5
17
56
76
81
91
64
83
35
45
64
99
75
50
12
43
85
2
61
35
35
32
81
71
0
35
5
52
14
76
81
57
41
11
65
24
2
56
67
62
57
20
29
0
3
56
1
16
26
9
14
63
10
60
89
36
47
76
75
53
12
91
80
24
8
97
73
18
96
15
54
43
36
42
35
64
37
13
76
96
90
60
54
36
69
11
12
11
41
60
42
86
57
69
44
0
80
16
15
72
3
39
76
70
62
98
77
71
34
86
7
73
10
85
88
22
69
67
62
48
12
15
21
29
5
2
54
64
47
15
7
40
98
21
9
3
77
85
91
97
82
94
93
14
38
17
4
85
6
32
48
83
81
72
36
28
79
39
21
72
90
51
74
0
31
80
25
86
46
6
61
22
9
50
87
3
14
66
99
90
48
4
5
32
88
36
28
58
45
56
17
36
4
52
18
34
48
89
25
11
17
70
80
55
79
54
79
8
93
48
16
67
59
36
29
95
93
90
11
63
29
81
10
12
79
89
90
21
6
15
68
86
26
96
55
70
23
65
48
9
57
87
76
45
46
7
49
89
40
55
84
50
35
68
61
8
17
39
47
41
93
47
46
0
96
41
2
41
78
68
39
6
36
46
77
85
82
82
16
76
28
58
16
25
1
64
25
44
43
53
63
70
68
33
8
91
0
5
50
42
85
34
18
11
47
97
97
81
47
56
47
38
42
36
25
63
2
71
23
28
1
88
53
84
61
44
1
49
70
27
6
11
17
64
87
88
62
53
92
59
53
11
48
69
22
32
74
0
13
14
66
44
55
79
46
59
70
73
65
8
18
88
86
18
21
77
6
82
4
66
60
77
84
87
61
47
92
63
4
73
83
44
26
97
56
31
12
3
64
39
37
22
48
7
55
69
80
86
30
83
51
63
15
25
95
49
50
98
96
21
65
20
28
1
75
37
10
91
38
88
15
19
44
57
80
45
52
63
77
95
39
4
1
77
45
94
8
17
9
0
33
69
55
6
36
19
10
98
3
48
17
55
99
80
46
99
53
73
97
3
69
63
81
70
35
51
84
4
17
70
28
44
20
48
82
67
94
51
54
62
48
62
23
6
59
79
64
47
64
32
55
55
12
6
93
19
25
66
14
75
19
45
58
1
93
69
33
4
32
12
95
63
40
36
75
46
44
64
77
81
93
74
33
86
70
1
78
77
27
45
22
62
77
1
76
29
12
21
4
47
44
4
14
47
97
79
1
12
39
6
61
33
72
86
19
92
71
48
28
47
16
17
13
15
97
55
89
67
53
95
39
94
95
19
22
76
53
42
78
2
29
2
88
47
57
1
9
5
50
66
3
48
90
54
65
21
17
83
65
67
44
96
91
7
89
46
87
97
34
82
57
86
41
71
91
19
87
58
16
53
12
72
20
22
95
31
5
61
46
48
68
33
4
64
59
16
97
25
45
70
78
30
2
63
34
90
61
93
87
2
59
64
29
34
27
16
36
37
2
17
28
74
55
49
34
50
19
48
29
87
21
39
82
91
90
96
71
94
23
97
5
20
71
35
13
47
30
34
0
27
38
70
47
6
13
52
58
74
95
30
95
57
38
27
61
13
40
83
53
8
24
3
73
37
62
88
44
63
67
24
65
70
4
68
87
16
55
88
52
37
52
88
12
82
13
12
85
47
84
55
48
47
76
3
11
57
22
